(kicad_pcb (version 20171130) (host pcbnew 5.1.9-73d0e3b20d~88~ubuntu20.04.1)

  (general
    (thickness 1.6)
    (drawings 0)
    (tracks 0)
    (zones 0)
    (modules 19)
    (nets 37)
  )

  (page A4)
  (layers
    (0 F.Cu signal)
    (1 In1.Cu signal)
    (2 In2.Cu signal)
    (31 B.Cu signal)
    (32 B.Adhes user)
    (33 F.Adhes user)
    (34 B.Paste user)
    (35 F.Paste user)
    (36 B.SilkS user)
    (37 F.SilkS user)
    (38 B.Mask user)
    (39 F.Mask user)
    (40 Dwgs.User user)
    (41 Cmts.User user)
    (42 Eco1.User user)
    (43 Eco2.User user)
    (44 Edge.Cuts user)
    (45 Margin user)
    (46 B.CrtYd user)
    (47 F.CrtYd user)
    (48 B.Fab user)
    (49 F.Fab user)
  )

  (setup
    (last_trace_width 0.25)
    (trace_clearance 0.2)
    (zone_clearance 0.508)
    (zone_45_only no)
    (trace_min 0.2)
    (via_size 0.8)
    (via_drill 0.4)
    (via_min_size 0.4)
    (via_min_drill 0.3)
    (uvia_size 0.3)
    (uvia_drill 0.1)
    (uvias_allowed no)
    (uvia_min_size 0.2)
    (uvia_min_drill 0.1)
    (edge_width 0.05)
    (segment_width 0.2)
    (pcb_text_width 0.3)
    (pcb_text_size 1.5 1.5)
    (mod_edge_width 0.12)
    (mod_text_size 1 1)
    (mod_text_width 0.15)
    (pad_size 1.524 1.524)
    (pad_drill 0.762)
    (pad_to_mask_clearance 0)
    (aux_axis_origin 0 0)
    (visible_elements FFFFFF7F)
    (pcbplotparams
      (layerselection 0x010fc_ffffffff)
      (usegerberextensions false)
      (usegerberattributes true)
      (usegerberadvancedattributes true)
      (creategerberjobfile true)
      (excludeedgelayer true)
      (linewidth 0.100000)
      (plotframeref false)
      (viasonmask false)
      (mode 1)
      (useauxorigin false)
      (hpglpennumber 1)
      (hpglpenspeed 20)
      (hpglpendiameter 15.000000)
      (psnegative false)
      (psa4output false)
      (plotreference true)
      (plotvalue true)
      (plotinvisibletext false)
      (padsonsilk false)
      (subtractmaskfromsilk false)
      (outputformat 1)
      (mirror false)
      (drillshape 1)
      (scaleselection 1)
      (outputdirectory ""))
  )

  (net 0 "")
  (net 1 +3V0)
  (net 2 GND)
  (net 3 "Net-(C2-Pad2)")
  (net 4 XTAL_OUT)
  (net 5 XTAL_IN)
  (net 6 "Net-(C3-Pad2)")
  (net 7 7_SEG_C_1)
  (net 8 "Net-(DIS1-Pad7)")
  (net 9 "Net-(DIS1-Pad2)")
  (net 10 "Net-(DIS1-Pad8)")
  (net 11 "Net-(DIS1-Pad3)")
  (net 12 "Net-(DIS1-Pad9)")
  (net 13 7_SEG_C_3)
  (net 14 7_SEG_C_2)
  (net 15 "Net-(DIS1-Pad5)")
  (net 16 "Net-(DIS1-Pad11)")
  (net 17 7_SEG_C_4)
  (net 18 "Net-(DIS1-Pad12)")
  (net 19 "Net-(H1-Pad1)")
  (net 20 "Net-(H2-Pad1)")
  (net 21 "Net-(H3-Pad1)")
  (net 22 "Net-(H4-Pad1)")
  (net 23 TST_SBWTCK)
  (net 24 RST_SBWTDIO)
  (net 25 BCLUART_TXD)
  (net 26 BCLUART_RXD)
  (net 27 "Net-(J1-Pad6)")
  (net 28 7_SEG_A_A)
  (net 29 7_SEG_A_B)
  (net 30 7_SEG_A_C)
  (net 31 7_SEG_A_D)
  (net 32 7_SEG_A_E)
  (net 33 7_SEG_A_F)
  (net 34 7_SEG_A_G)
  (net 35 "Net-(U1-Pad18)")
  (net 36 "Net-(U1-Pad23)")

  (net_class Default "This is the default net class."
    (clearance 0.2)
    (trace_width 0.25)
    (via_dia 0.8)
    (via_drill 0.4)
    (uvia_dia 0.3)
    (uvia_drill 0.1)
    (add_net +3V0)
    (add_net 7_SEG_A_A)
    (add_net 7_SEG_A_B)
    (add_net 7_SEG_A_C)
    (add_net 7_SEG_A_D)
    (add_net 7_SEG_A_E)
    (add_net 7_SEG_A_F)
    (add_net 7_SEG_A_G)
    (add_net 7_SEG_C_1)
    (add_net 7_SEG_C_2)
    (add_net 7_SEG_C_3)
    (add_net 7_SEG_C_4)
    (add_net BCLUART_RXD)
    (add_net BCLUART_TXD)
    (add_net GND)
    (add_net "Net-(C2-Pad2)")
    (add_net "Net-(C3-Pad2)")
    (add_net "Net-(DIS1-Pad11)")
    (add_net "Net-(DIS1-Pad12)")
    (add_net "Net-(DIS1-Pad2)")
    (add_net "Net-(DIS1-Pad3)")
    (add_net "Net-(DIS1-Pad5)")
    (add_net "Net-(DIS1-Pad7)")
    (add_net "Net-(DIS1-Pad8)")
    (add_net "Net-(DIS1-Pad9)")
    (add_net "Net-(H1-Pad1)")
    (add_net "Net-(H2-Pad1)")
    (add_net "Net-(H3-Pad1)")
    (add_net "Net-(H4-Pad1)")
    (add_net "Net-(J1-Pad6)")
    (add_net "Net-(U1-Pad18)")
    (add_net "Net-(U1-Pad23)")
    (add_net RST_SBWTDIO)
    (add_net TST_SBWTCK)
    (add_net XTAL_IN)
    (add_net XTAL_OUT)
  )

  (module Battery:BatteryHolder_Keystone_3002_1x2032 (layer F.Cu) (tedit 5D9C7E9A) (tstamp 60824FE8)
    (at 125.73 62.23)
    (descr https://www.tme.eu/it/Document/a823211ec201a9e209042d155fe22d2b/KEYS2996.pdf)
    (tags "BR2016 CR2016 DL2016 BR2020 CL2020 BR2025 CR2025 DL2025 DR2032 CR2032 DL2032")
    (path /607D39F2)
    (attr smd)
    (fp_text reference BT1 (at -9.15 9.7) (layer F.SilkS)
      (effects (font (size 1 1) (thickness 0.15)))
    )
    (fp_text value "3V CR2032" (at 0 -11) (layer F.Fab)
      (effects (font (size 1 1) (thickness 0.15)))
    )
    (fp_line (start 15.55 -2.75) (end 10.75 -2.75) (layer F.SilkS) (width 0.12))
    (fp_line (start 15.55 2.75) (end 15.55 -2.75) (layer F.SilkS) (width 0.12))
    (fp_line (start 10.75 2.75) (end 15.55 2.75) (layer F.SilkS) (width 0.12))
    (fp_line (start -15.55 2.75) (end -10.75 2.75) (layer F.SilkS) (width 0.12))
    (fp_line (start -15.55 -2.75) (end -15.55 2.75) (layer F.SilkS) (width 0.12))
    (fp_line (start -10.75 -2.75) (end -15.55 -2.75) (layer F.SilkS) (width 0.12))
    (fp_line (start -15.85 3.05) (end -15.85 -3.05) (layer F.CrtYd) (width 0.05))
    (fp_line (start -11.05 3.05) (end -15.85 3.05) (layer F.CrtYd) (width 0.05))
    (fp_line (start -11.05 6.35) (end -11.05 3.05) (layer F.CrtYd) (width 0.05))
    (fp_line (start -4.3 11.1) (end -11.05 6.35) (layer F.CrtYd) (width 0.05))
    (fp_line (start 4.3 11.1) (end -4.3 11.1) (layer F.CrtYd) (width 0.05))
    (fp_line (start 11.05 6.35) (end 4.3 11.1) (layer F.CrtYd) (width 0.05))
    (fp_line (start 11.05 3.05) (end 11.05 6.35) (layer F.CrtYd) (width 0.05))
    (fp_line (start 15.85 3.05) (end 11.05 3.05) (layer F.CrtYd) (width 0.05))
    (fp_line (start 15.85 -3.05) (end 15.85 3.05) (layer F.CrtYd) (width 0.05))
    (fp_line (start 11.05 -3.05) (end 15.85 -3.05) (layer F.CrtYd) (width 0.05))
    (fp_line (start 11.05 -9.8) (end 11.05 -3.05) (layer F.CrtYd) (width 0.05))
    (fp_line (start 11.05 -9.8) (end 3.9 -9.8) (layer F.CrtYd) (width 0.05))
    (fp_line (start -11.05 -9.8) (end -3.9 -9.8) (layer F.CrtYd) (width 0.05))
    (fp_line (start -11.05 -3.05) (end -11.05 -9.8) (layer F.CrtYd) (width 0.05))
    (fp_line (start -15.85 -3.05) (end -11.05 -3.05) (layer F.CrtYd) (width 0.05))
    (fp_line (start 10.55 -9.5) (end 3.85 -9.5) (layer F.SilkS) (width 0.12))
    (fp_line (start -10.55 -9.5) (end -3.85 -9.5) (layer F.SilkS) (width 0.12))
    (fp_circle (center 0 0) (end 10 0) (layer Dwgs.User) (width 0.2))
    (fp_line (start 10.55 5.9) (end 3.8 10.6) (layer F.Fab) (width 0.1))
    (fp_line (start 3.95 10.85) (end 10.75 6.05) (layer F.SilkS) (width 0.12))
    (fp_line (start -3.95 10.85) (end 3.95 10.85) (layer F.SilkS) (width 0.12))
    (fp_line (start -10.8 6.05) (end -3.95 10.85) (layer F.SilkS) (width 0.12))
    (fp_line (start -10.55 5.85) (end -3.8 10.6) (layer F.Fab) (width 0.1))
    (fp_line (start -10.55 -2.55) (end -10.55 -9.3) (layer F.Fab) (width 0.1))
    (fp_line (start 10.55 -9.3) (end -10.55 -9.3) (layer F.Fab) (width 0.1))
    (fp_line (start 10.55 -2.55) (end 10.55 -9.3) (layer F.Fab) (width 0.1))
    (fp_line (start 15.35 -2.55) (end 10.55 -2.55) (layer F.Fab) (width 0.1))
    (fp_line (start 15.35 2.55) (end 15.35 -2.55) (layer F.Fab) (width 0.1))
    (fp_line (start 10.55 2.55) (end 15.35 2.55) (layer F.Fab) (width 0.1))
    (fp_line (start -3.8 10.6) (end 3.8 10.6) (layer F.Fab) (width 0.1))
    (fp_line (start 10.55 2.55) (end 10.55 5.9) (layer F.Fab) (width 0.1))
    (fp_line (start -10.55 2.55) (end -10.55 5.85) (layer F.Fab) (width 0.1))
    (fp_line (start -15.35 -2.55) (end -10.55 -2.55) (layer F.Fab) (width 0.1))
    (fp_line (start -15.35 2.55) (end -10.55 2.55) (layer F.Fab) (width 0.1))
    (fp_line (start -15.35 -2.55) (end -15.35 2.55) (layer F.Fab) (width 0.1))
    (fp_text user %R (at -9.15 9.7) (layer F.Fab)
      (effects (font (size 1 1) (thickness 0.15)))
    )
    (fp_arc (start 0 0) (end 3.9 -9.8) (angle -43.40107348) (layer F.CrtYd) (width 0.05))
    (fp_arc (start 0 0) (end 3.85 -9.5) (angle -44.1) (layer F.SilkS) (width 0.12))
    (pad 1 smd rect (at 12.8 0) (size 5.1 5.1) (layers F.Cu F.Paste F.Mask)
      (net 1 +3V0))
    (pad 1 smd rect (at -12.8 0) (size 5.1 5.1) (layers F.Cu F.Paste F.Mask)
      (net 1 +3V0))
    (pad 2 smd circle (at 0 0) (size 17.8 17.8) (layers F.Cu F.Mask)
      (net 2 GND))
    (model ${KISYS3DMOD}/Battery.3dshapes/BatteryHolder_Keystone_3002_1x2032.wrl
      (at (xyz 0 0 0))
      (scale (xyz 1 1 1))
      (rotate (xyz 0 0 0))
    )
  )

  (module Capacitor_SMD:C_0603_1608Metric (layer F.Cu) (tedit 5F68FEEE) (tstamp 60824FF9)
    (at 120.885001 91.995001)
    (descr "Capacitor SMD 0603 (1608 Metric), square (rectangular) end terminal, IPC_7351 nominal, (Body size source: IPC-SM-782 page 76, https://www.pcb-3d.com/wordpress/wp-content/uploads/ipc-sm-782a_amendment_1_and_2.pdf), generated with kicad-footprint-generator")
    (tags capacitor)
    (path /6081B29D)
    (attr smd)
    (fp_text reference C1 (at 0 -1.43) (layer F.SilkS)
      (effects (font (size 1 1) (thickness 0.15)))
    )
    (fp_text value "100nF low ESR" (at 0 1.43) (layer F.Fab)
      (effects (font (size 1 1) (thickness 0.15)))
    )
    (fp_line (start -0.8 0.4) (end -0.8 -0.4) (layer F.Fab) (width 0.1))
    (fp_line (start -0.8 -0.4) (end 0.8 -0.4) (layer F.Fab) (width 0.1))
    (fp_line (start 0.8 -0.4) (end 0.8 0.4) (layer F.Fab) (width 0.1))
    (fp_line (start 0.8 0.4) (end -0.8 0.4) (layer F.Fab) (width 0.1))
    (fp_line (start -0.14058 -0.51) (end 0.14058 -0.51) (layer F.SilkS) (width 0.12))
    (fp_line (start -0.14058 0.51) (end 0.14058 0.51) (layer F.SilkS) (width 0.12))
    (fp_line (start -1.48 0.73) (end -1.48 -0.73) (layer F.CrtYd) (width 0.05))
    (fp_line (start -1.48 -0.73) (end 1.48 -0.73) (layer F.CrtYd) (width 0.05))
    (fp_line (start 1.48 -0.73) (end 1.48 0.73) (layer F.CrtYd) (width 0.05))
    (fp_line (start 1.48 0.73) (end -1.48 0.73) (layer F.CrtYd) (width 0.05))
    (fp_text user %R (at 0 0) (layer F.Fab)
      (effects (font (size 0.4 0.4) (thickness 0.06)))
    )
    (pad 1 smd roundrect (at -0.775 0) (size 0.9 0.95) (layers F.Cu F.Paste F.Mask) (roundrect_rratio 0.25)
      (net 1 +3V0))
    (pad 2 smd roundrect (at 0.775 0) (size 0.9 0.95) (layers F.Cu F.Paste F.Mask) (roundrect_rratio 0.25)
      (net 2 GND))
    (model ${KISYS3DMOD}/Capacitor_SMD.3dshapes/C_0603_1608Metric.wrl
      (at (xyz 0 0 0))
      (scale (xyz 1 1 1))
      (rotate (xyz 0 0 0))
    )
  )

  (module Capacitor_SMD:C_0402_1005Metric_Pad0.74x0.62mm_HandSolder (layer F.Cu) (tedit 5F6BB22C) (tstamp 6082500A)
    (at 169.635001 70.675001)
    (descr "Capacitor SMD 0402 (1005 Metric), square (rectangular) end terminal, IPC_7351 nominal with elongated pad for handsoldering. (Body size source: IPC-SM-782 page 76, https://www.pcb-3d.com/wordpress/wp-content/uploads/ipc-sm-782a_amendment_1_and_2.pdf), generated with kicad-footprint-generator")
    (tags "capacitor handsolder")
    (path /60869C35)
    (attr smd)
    (fp_text reference C2 (at 0 -1.16) (layer F.SilkS)
      (effects (font (size 1 1) (thickness 0.15)))
    )
    (fp_text value 12pF (at 0 1.16) (layer F.Fab)
      (effects (font (size 1 1) (thickness 0.15)))
    )
    (fp_line (start 1.08 0.46) (end -1.08 0.46) (layer F.CrtYd) (width 0.05))
    (fp_line (start 1.08 -0.46) (end 1.08 0.46) (layer F.CrtYd) (width 0.05))
    (fp_line (start -1.08 -0.46) (end 1.08 -0.46) (layer F.CrtYd) (width 0.05))
    (fp_line (start -1.08 0.46) (end -1.08 -0.46) (layer F.CrtYd) (width 0.05))
    (fp_line (start -0.115835 0.36) (end 0.115835 0.36) (layer F.SilkS) (width 0.12))
    (fp_line (start -0.115835 -0.36) (end 0.115835 -0.36) (layer F.SilkS) (width 0.12))
    (fp_line (start 0.5 0.25) (end -0.5 0.25) (layer F.Fab) (width 0.1))
    (fp_line (start 0.5 -0.25) (end 0.5 0.25) (layer F.Fab) (width 0.1))
    (fp_line (start -0.5 -0.25) (end 0.5 -0.25) (layer F.Fab) (width 0.1))
    (fp_line (start -0.5 0.25) (end -0.5 -0.25) (layer F.Fab) (width 0.1))
    (fp_text user %R (at 0 0) (layer F.Fab)
      (effects (font (size 0.25 0.25) (thickness 0.04)))
    )
    (pad 2 smd roundrect (at 0.5675 0) (size 0.735 0.62) (layers F.Cu F.Paste F.Mask) (roundrect_rratio 0.25)
      (net 3 "Net-(C2-Pad2)"))
    (pad 1 smd roundrect (at -0.5675 0) (size 0.735 0.62) (layers F.Cu F.Paste F.Mask) (roundrect_rratio 0.25)
      (net 4 XTAL_OUT))
    (model ${KISYS3DMOD}/Capacitor_SMD.3dshapes/C_0402_1005Metric.wrl
      (at (xyz 0 0 0))
      (scale (xyz 1 1 1))
      (rotate (xyz 0 0 0))
    )
  )

  (module Capacitor_SMD:C_0402_1005Metric_Pad0.74x0.62mm_HandSolder (layer F.Cu) (tedit 5F6BB22C) (tstamp 6082501B)
    (at 160.385001 87.225001)
    (descr "Capacitor SMD 0402 (1005 Metric), square (rectangular) end terminal, IPC_7351 nominal with elongated pad for handsoldering. (Body size source: IPC-SM-782 page 76, https://www.pcb-3d.com/wordpress/wp-content/uploads/ipc-sm-782a_amendment_1_and_2.pdf), generated with kicad-footprint-generator")
    (tags "capacitor handsolder")
    (path /60869818)
    (attr smd)
    (fp_text reference C3 (at 0 -1.16) (layer F.SilkS)
      (effects (font (size 1 1) (thickness 0.15)))
    )
    (fp_text value 12pF (at 0 1.16) (layer F.Fab)
      (effects (font (size 1 1) (thickness 0.15)))
    )
    (fp_line (start -0.5 0.25) (end -0.5 -0.25) (layer F.Fab) (width 0.1))
    (fp_line (start -0.5 -0.25) (end 0.5 -0.25) (layer F.Fab) (width 0.1))
    (fp_line (start 0.5 -0.25) (end 0.5 0.25) (layer F.Fab) (width 0.1))
    (fp_line (start 0.5 0.25) (end -0.5 0.25) (layer F.Fab) (width 0.1))
    (fp_line (start -0.115835 -0.36) (end 0.115835 -0.36) (layer F.SilkS) (width 0.12))
    (fp_line (start -0.115835 0.36) (end 0.115835 0.36) (layer F.SilkS) (width 0.12))
    (fp_line (start -1.08 0.46) (end -1.08 -0.46) (layer F.CrtYd) (width 0.05))
    (fp_line (start -1.08 -0.46) (end 1.08 -0.46) (layer F.CrtYd) (width 0.05))
    (fp_line (start 1.08 -0.46) (end 1.08 0.46) (layer F.CrtYd) (width 0.05))
    (fp_line (start 1.08 0.46) (end -1.08 0.46) (layer F.CrtYd) (width 0.05))
    (fp_text user %R (at 0 0) (layer F.Fab)
      (effects (font (size 0.25 0.25) (thickness 0.04)))
    )
    (pad 1 smd roundrect (at -0.5675 0) (size 0.735 0.62) (layers F.Cu F.Paste F.Mask) (roundrect_rratio 0.25)
      (net 5 XTAL_IN))
    (pad 2 smd roundrect (at 0.5675 0) (size 0.735 0.62) (layers F.Cu F.Paste F.Mask) (roundrect_rratio 0.25)
      (net 6 "Net-(C3-Pad2)"))
    (model ${KISYS3DMOD}/Capacitor_SMD.3dshapes/C_0402_1005Metric.wrl
      (at (xyz 0 0 0))
      (scale (xyz 1 1 1))
      (rotate (xyz 0 0 0))
    )
  )

  (module Package_DIP:DIP-12_W7.62mm_Socket_LongPads (layer F.Cu) (tedit 5A02E8C5) (tstamp 60825043)
    (at 166.37 66.04 180)
    (descr "12-lead though-hole mounted DIP package, row spacing 7.62 mm (300 mils), Socket, LongPads")
    (tags "THT DIP DIL PDIP 2.54mm 7.62mm 300mil Socket LongPads")
    (path /6081B38E)
    (fp_text reference DIS1 (at 3.81 -2.33) (layer F.SilkS)
      (effects (font (size 1 1) (thickness 0.15)))
    )
    (fp_text value HP-5082-7414 (at 3.81 15.03) (layer F.Fab)
      (effects (font (size 1 1) (thickness 0.15)))
    )
    (fp_line (start 1.635 -1.27) (end 6.985 -1.27) (layer F.Fab) (width 0.1))
    (fp_line (start 6.985 -1.27) (end 6.985 13.97) (layer F.Fab) (width 0.1))
    (fp_line (start 6.985 13.97) (end 0.635 13.97) (layer F.Fab) (width 0.1))
    (fp_line (start 0.635 13.97) (end 0.635 -0.27) (layer F.Fab) (width 0.1))
    (fp_line (start 0.635 -0.27) (end 1.635 -1.27) (layer F.Fab) (width 0.1))
    (fp_line (start -1.27 -1.33) (end -1.27 14.03) (layer F.Fab) (width 0.1))
    (fp_line (start -1.27 14.03) (end 8.89 14.03) (layer F.Fab) (width 0.1))
    (fp_line (start 8.89 14.03) (end 8.89 -1.33) (layer F.Fab) (width 0.1))
    (fp_line (start 8.89 -1.33) (end -1.27 -1.33) (layer F.Fab) (width 0.1))
    (fp_line (start 2.81 -1.33) (end 1.56 -1.33) (layer F.SilkS) (width 0.12))
    (fp_line (start 1.56 -1.33) (end 1.56 14.03) (layer F.SilkS) (width 0.12))
    (fp_line (start 1.56 14.03) (end 6.06 14.03) (layer F.SilkS) (width 0.12))
    (fp_line (start 6.06 14.03) (end 6.06 -1.33) (layer F.SilkS) (width 0.12))
    (fp_line (start 6.06 -1.33) (end 4.81 -1.33) (layer F.SilkS) (width 0.12))
    (fp_line (start -1.44 -1.39) (end -1.44 14.09) (layer F.SilkS) (width 0.12))
    (fp_line (start -1.44 14.09) (end 9.06 14.09) (layer F.SilkS) (width 0.12))
    (fp_line (start 9.06 14.09) (end 9.06 -1.39) (layer F.SilkS) (width 0.12))
    (fp_line (start 9.06 -1.39) (end -1.44 -1.39) (layer F.SilkS) (width 0.12))
    (fp_line (start -1.55 -1.6) (end -1.55 14.3) (layer F.CrtYd) (width 0.05))
    (fp_line (start -1.55 14.3) (end 9.15 14.3) (layer F.CrtYd) (width 0.05))
    (fp_line (start 9.15 14.3) (end 9.15 -1.6) (layer F.CrtYd) (width 0.05))
    (fp_line (start 9.15 -1.6) (end -1.55 -1.6) (layer F.CrtYd) (width 0.05))
    (fp_arc (start 3.81 -1.33) (end 2.81 -1.33) (angle -180) (layer F.SilkS) (width 0.12))
    (fp_text user %R (at 3.81 6.35) (layer F.Fab)
      (effects (font (size 1 1) (thickness 0.15)))
    )
    (pad 1 thru_hole rect (at 0 0 180) (size 2.4 1.6) (drill 0.8) (layers *.Cu *.Mask)
      (net 7 7_SEG_C_1))
    (pad 7 thru_hole oval (at 7.62 12.7 180) (size 2.4 1.6) (drill 0.8) (layers *.Cu *.Mask)
      (net 8 "Net-(DIS1-Pad7)"))
    (pad 2 thru_hole oval (at 0 2.54 180) (size 2.4 1.6) (drill 0.8) (layers *.Cu *.Mask)
      (net 9 "Net-(DIS1-Pad2)"))
    (pad 8 thru_hole oval (at 7.62 10.16 180) (size 2.4 1.6) (drill 0.8) (layers *.Cu *.Mask)
      (net 10 "Net-(DIS1-Pad8)"))
    (pad 3 thru_hole oval (at 0 5.08 180) (size 2.4 1.6) (drill 0.8) (layers *.Cu *.Mask)
      (net 11 "Net-(DIS1-Pad3)"))
    (pad 9 thru_hole oval (at 7.62 7.62 180) (size 2.4 1.6) (drill 0.8) (layers *.Cu *.Mask)
      (net 12 "Net-(DIS1-Pad9)"))
    (pad 4 thru_hole oval (at 0 7.62 180) (size 2.4 1.6) (drill 0.8) (layers *.Cu *.Mask)
      (net 13 7_SEG_C_3))
    (pad 10 thru_hole oval (at 7.62 5.08 180) (size 2.4 1.6) (drill 0.8) (layers *.Cu *.Mask)
      (net 14 7_SEG_C_2))
    (pad 5 thru_hole oval (at 0 10.16 180) (size 2.4 1.6) (drill 0.8) (layers *.Cu *.Mask)
      (net 15 "Net-(DIS1-Pad5)"))
    (pad 11 thru_hole oval (at 7.62 2.54 180) (size 2.4 1.6) (drill 0.8) (layers *.Cu *.Mask)
      (net 16 "Net-(DIS1-Pad11)"))
    (pad 6 thru_hole oval (at 0 12.7 180) (size 2.4 1.6) (drill 0.8) (layers *.Cu *.Mask)
      (net 17 7_SEG_C_4))
    (pad 12 thru_hole oval (at 7.62 0 180) (size 2.4 1.6) (drill 0.8) (layers *.Cu *.Mask)
      (net 18 "Net-(DIS1-Pad12)"))
    (model ${KISYS3DMOD}/Package_DIP.3dshapes/DIP-12_W7.62mm_Socket.wrl
      (at (xyz 0 0 0))
      (scale (xyz 1 1 1))
      (rotate (xyz 0 0 0))
    )
  )

  (module MountingHole:MountingHole_3.2mm_M3_DIN965_Pad_TopBottom (layer F.Cu) (tedit 56D1B4CB) (tstamp 6082504D)
    (at 155.205001 86.475001)
    (descr "Mounting Hole 3.2mm, M3, DIN965")
    (tags "mounting hole 3.2mm m3 din965")
    (path /6080B61D)
    (attr virtual)
    (fp_text reference H1 (at 0 -3.8) (layer F.SilkS)
      (effects (font (size 1 1) (thickness 0.15)))
    )
    (fp_text value SW1 (at 0 3.8) (layer F.Fab)
      (effects (font (size 1 1) (thickness 0.15)))
    )
    (fp_circle (center 0 0) (end 2.8 0) (layer Cmts.User) (width 0.15))
    (fp_circle (center 0 0) (end 3.05 0) (layer F.CrtYd) (width 0.05))
    (fp_text user %R (at 0.3 0) (layer F.Fab)
      (effects (font (size 1 1) (thickness 0.15)))
    )
    (pad 1 thru_hole circle (at 0 0) (size 3.6 3.6) (drill 3.2) (layers *.Cu *.Mask)
      (net 19 "Net-(H1-Pad1)"))
    (pad 1 connect circle (at 0 0) (size 5.6 5.6) (layers F.Cu F.Mask)
      (net 19 "Net-(H1-Pad1)"))
    (pad 1 connect circle (at 0 0) (size 5.6 5.6) (layers B.Cu B.Mask)
      (net 19 "Net-(H1-Pad1)"))
  )

  (module MountingHole:MountingHole_3.2mm_M3_DIN965_Pad_TopBottom (layer F.Cu) (tedit 56D1B4CB) (tstamp 60825057)
    (at 133.305001 89.265001)
    (descr "Mounting Hole 3.2mm, M3, DIN965")
    (tags "mounting hole 3.2mm m3 din965")
    (path /6080B044)
    (attr virtual)
    (fp_text reference H2 (at 0 -3.8) (layer F.SilkS)
      (effects (font (size 1 1) (thickness 0.15)))
    )
    (fp_text value SW2 (at 0 3.8) (layer F.Fab)
      (effects (font (size 1 1) (thickness 0.15)))
    )
    (fp_circle (center 0 0) (end 2.8 0) (layer Cmts.User) (width 0.15))
    (fp_circle (center 0 0) (end 3.05 0) (layer F.CrtYd) (width 0.05))
    (fp_text user %R (at 0.3 0) (layer F.Fab)
      (effects (font (size 1 1) (thickness 0.15)))
    )
    (pad 1 thru_hole circle (at 0 0) (size 3.6 3.6) (drill 3.2) (layers *.Cu *.Mask)
      (net 20 "Net-(H2-Pad1)"))
    (pad 1 connect circle (at 0 0) (size 5.6 5.6) (layers F.Cu F.Mask)
      (net 20 "Net-(H2-Pad1)"))
    (pad 1 connect circle (at 0 0) (size 5.6 5.6) (layers B.Cu B.Mask)
      (net 20 "Net-(H2-Pad1)"))
  )

  (module MountingHole:MountingHole_3.2mm_M3_DIN965_Pad_TopBottom (layer F.Cu) (tedit 56D1B4CB) (tstamp 60825061)
    (at 140.455001 89.265001)
    (descr "Mounting Hole 3.2mm, M3, DIN965")
    (tags "mounting hole 3.2mm m3 din965")
    (path /60809AD9)
    (attr virtual)
    (fp_text reference H3 (at 0 -3.8) (layer F.SilkS)
      (effects (font (size 1 1) (thickness 0.15)))
    )
    (fp_text value SW3 (at 0 3.8) (layer F.Fab)
      (effects (font (size 1 1) (thickness 0.15)))
    )
    (fp_circle (center 0 0) (end 3.05 0) (layer F.CrtYd) (width 0.05))
    (fp_circle (center 0 0) (end 2.8 0) (layer Cmts.User) (width 0.15))
    (fp_text user %R (at 0.3 0) (layer F.Fab)
      (effects (font (size 1 1) (thickness 0.15)))
    )
    (pad 1 connect circle (at 0 0) (size 5.6 5.6) (layers B.Cu B.Mask)
      (net 21 "Net-(H3-Pad1)"))
    (pad 1 connect circle (at 0 0) (size 5.6 5.6) (layers F.Cu F.Mask)
      (net 21 "Net-(H3-Pad1)"))
    (pad 1 thru_hole circle (at 0 0) (size 3.6 3.6) (drill 3.2) (layers *.Cu *.Mask)
      (net 21 "Net-(H3-Pad1)"))
  )

  (module MountingHole:MountingHole_3.2mm_M3_DIN965_Pad_TopBottom (layer F.Cu) (tedit 56D1B4CB) (tstamp 6082506B)
    (at 147.605001 89.265001)
    (descr "Mounting Hole 3.2mm, M3, DIN965")
    (tags "mounting hole 3.2mm m3 din965")
    (path /6080B314)
    (attr virtual)
    (fp_text reference H4 (at 0 -3.8) (layer F.SilkS)
      (effects (font (size 1 1) (thickness 0.15)))
    )
    (fp_text value SW4 (at 0 3.8) (layer F.Fab)
      (effects (font (size 1 1) (thickness 0.15)))
    )
    (fp_circle (center 0 0) (end 3.05 0) (layer F.CrtYd) (width 0.05))
    (fp_circle (center 0 0) (end 2.8 0) (layer Cmts.User) (width 0.15))
    (fp_text user %R (at 0.3 0) (layer F.Fab)
      (effects (font (size 1 1) (thickness 0.15)))
    )
    (pad 1 connect circle (at 0 0) (size 5.6 5.6) (layers B.Cu B.Mask)
      (net 22 "Net-(H4-Pad1)"))
    (pad 1 connect circle (at 0 0) (size 5.6 5.6) (layers F.Cu F.Mask)
      (net 22 "Net-(H4-Pad1)"))
    (pad 1 thru_hole circle (at 0 0) (size 3.6 3.6) (drill 3.2) (layers *.Cu *.Mask)
      (net 22 "Net-(H4-Pad1)"))
  )

  (module Connector_PinHeader_2.54mm:PinHeader_1x07_P2.54mm_Vertical (layer F.Cu) (tedit 59FED5CC) (tstamp 60825086)
    (at 153.955001 65.325001)
    (descr "Through hole straight pin header, 1x07, 2.54mm pitch, single row")
    (tags "Through hole pin header THT 1x07 2.54mm single row")
    (path /6080A23D)
    (fp_text reference J1 (at 0 -2.33) (layer F.SilkS)
      (effects (font (size 1 1) (thickness 0.15)))
    )
    (fp_text value eZ-FET (at 0 17.57) (layer F.Fab)
      (effects (font (size 1 1) (thickness 0.15)))
    )
    (fp_line (start -0.635 -1.27) (end 1.27 -1.27) (layer F.Fab) (width 0.1))
    (fp_line (start 1.27 -1.27) (end 1.27 16.51) (layer F.Fab) (width 0.1))
    (fp_line (start 1.27 16.51) (end -1.27 16.51) (layer F.Fab) (width 0.1))
    (fp_line (start -1.27 16.51) (end -1.27 -0.635) (layer F.Fab) (width 0.1))
    (fp_line (start -1.27 -0.635) (end -0.635 -1.27) (layer F.Fab) (width 0.1))
    (fp_line (start -1.33 16.57) (end 1.33 16.57) (layer F.SilkS) (width 0.12))
    (fp_line (start -1.33 1.27) (end -1.33 16.57) (layer F.SilkS) (width 0.12))
    (fp_line (start 1.33 1.27) (end 1.33 16.57) (layer F.SilkS) (width 0.12))
    (fp_line (start -1.33 1.27) (end 1.33 1.27) (layer F.SilkS) (width 0.12))
    (fp_line (start -1.33 0) (end -1.33 -1.33) (layer F.SilkS) (width 0.12))
    (fp_line (start -1.33 -1.33) (end 0 -1.33) (layer F.SilkS) (width 0.12))
    (fp_line (start -1.8 -1.8) (end -1.8 17.05) (layer F.CrtYd) (width 0.05))
    (fp_line (start -1.8 17.05) (end 1.8 17.05) (layer F.CrtYd) (width 0.05))
    (fp_line (start 1.8 17.05) (end 1.8 -1.8) (layer F.CrtYd) (width 0.05))
    (fp_line (start 1.8 -1.8) (end -1.8 -1.8) (layer F.CrtYd) (width 0.05))
    (fp_text user %R (at 0 7.62 90) (layer F.Fab)
      (effects (font (size 1 1) (thickness 0.15)))
    )
    (pad 1 thru_hole rect (at 0 0) (size 1.7 1.7) (drill 1) (layers *.Cu *.Mask)
      (net 23 TST_SBWTCK))
    (pad 2 thru_hole oval (at 0 2.54) (size 1.7 1.7) (drill 1) (layers *.Cu *.Mask)
      (net 24 RST_SBWTDIO))
    (pad 3 thru_hole oval (at 0 5.08) (size 1.7 1.7) (drill 1) (layers *.Cu *.Mask)
      (net 25 BCLUART_TXD))
    (pad 4 thru_hole oval (at 0 7.62) (size 1.7 1.7) (drill 1) (layers *.Cu *.Mask)
      (net 26 BCLUART_RXD))
    (pad 5 thru_hole oval (at 0 10.16) (size 1.7 1.7) (drill 1) (layers *.Cu *.Mask)
      (net 1 +3V0))
    (pad 6 thru_hole oval (at 0 12.7) (size 1.7 1.7) (drill 1) (layers *.Cu *.Mask)
      (net 27 "Net-(J1-Pad6)"))
    (pad 7 thru_hole oval (at 0 15.24) (size 1.7 1.7) (drill 1) (layers *.Cu *.Mask)
      (net 2 GND))
    (model ${KISYS3DMOD}/Connector_PinHeader_2.54mm.3dshapes/PinHeader_1x07_P2.54mm_Vertical.wrl
      (at (xyz 0 0 0))
      (scale (xyz 1 1 1))
      (rotate (xyz 0 0 0))
    )
  )

  (module Resistor_SMD:R_0402_1005Metric_Pad0.72x0.64mm_HandSolder (layer F.Cu) (tedit 5F6BB9E0) (tstamp 60825097)
    (at 169.655001 62.725001)
    (descr "Resistor SMD 0402 (1005 Metric), square (rectangular) end terminal, IPC_7351 nominal with elongated pad for handsoldering. (Body size source: IPC-SM-782 page 72, https://www.pcb-3d.com/wordpress/wp-content/uploads/ipc-sm-782a_amendment_1_and_2.pdf), generated with kicad-footprint-generator")
    (tags "resistor handsolder")
    (path /6082177A)
    (attr smd)
    (fp_text reference R1 (at 0 -1.17) (layer F.SilkS)
      (effects (font (size 1 1) (thickness 0.15)))
    )
    (fp_text value 1.5k (at 0 1.17) (layer F.Fab)
      (effects (font (size 1 1) (thickness 0.15)))
    )
    (fp_line (start 1.1 0.47) (end -1.1 0.47) (layer F.CrtYd) (width 0.05))
    (fp_line (start 1.1 -0.47) (end 1.1 0.47) (layer F.CrtYd) (width 0.05))
    (fp_line (start -1.1 -0.47) (end 1.1 -0.47) (layer F.CrtYd) (width 0.05))
    (fp_line (start -1.1 0.47) (end -1.1 -0.47) (layer F.CrtYd) (width 0.05))
    (fp_line (start -0.167621 0.38) (end 0.167621 0.38) (layer F.SilkS) (width 0.12))
    (fp_line (start -0.167621 -0.38) (end 0.167621 -0.38) (layer F.SilkS) (width 0.12))
    (fp_line (start 0.525 0.27) (end -0.525 0.27) (layer F.Fab) (width 0.1))
    (fp_line (start 0.525 -0.27) (end 0.525 0.27) (layer F.Fab) (width 0.1))
    (fp_line (start -0.525 -0.27) (end 0.525 -0.27) (layer F.Fab) (width 0.1))
    (fp_line (start -0.525 0.27) (end -0.525 -0.27) (layer F.Fab) (width 0.1))
    (fp_text user %R (at 0 0) (layer F.Fab)
      (effects (font (size 0.26 0.26) (thickness 0.04)))
    )
    (pad 2 smd roundrect (at 0.5975 0) (size 0.715 0.64) (layers F.Cu F.Paste F.Mask) (roundrect_rratio 0.25)
      (net 28 7_SEG_A_A))
    (pad 1 smd roundrect (at -0.5975 0) (size 0.715 0.64) (layers F.Cu F.Paste F.Mask) (roundrect_rratio 0.25)
      (net 18 "Net-(DIS1-Pad12)"))
    (model ${KISYS3DMOD}/Resistor_SMD.3dshapes/R_0402_1005Metric.wrl
      (at (xyz 0 0 0))
      (scale (xyz 1 1 1))
      (rotate (xyz 0 0 0))
    )
  )

  (module Resistor_SMD:R_0402_1005Metric_Pad0.72x0.64mm_HandSolder (layer F.Cu) (tedit 5F6BB9E0) (tstamp 608250A8)
    (at 124.515001 91.735001)
    (descr "Resistor SMD 0402 (1005 Metric), square (rectangular) end terminal, IPC_7351 nominal with elongated pad for handsoldering. (Body size source: IPC-SM-782 page 72, https://www.pcb-3d.com/wordpress/wp-content/uploads/ipc-sm-782a_amendment_1_and_2.pdf), generated with kicad-footprint-generator")
    (tags "resistor handsolder")
    (path /60821F7D)
    (attr smd)
    (fp_text reference R2 (at 0 -1.17) (layer F.SilkS)
      (effects (font (size 1 1) (thickness 0.15)))
    )
    (fp_text value 1.5k (at 0 1.17) (layer F.Fab)
      (effects (font (size 1 1) (thickness 0.15)))
    )
    (fp_line (start -0.525 0.27) (end -0.525 -0.27) (layer F.Fab) (width 0.1))
    (fp_line (start -0.525 -0.27) (end 0.525 -0.27) (layer F.Fab) (width 0.1))
    (fp_line (start 0.525 -0.27) (end 0.525 0.27) (layer F.Fab) (width 0.1))
    (fp_line (start 0.525 0.27) (end -0.525 0.27) (layer F.Fab) (width 0.1))
    (fp_line (start -0.167621 -0.38) (end 0.167621 -0.38) (layer F.SilkS) (width 0.12))
    (fp_line (start -0.167621 0.38) (end 0.167621 0.38) (layer F.SilkS) (width 0.12))
    (fp_line (start -1.1 0.47) (end -1.1 -0.47) (layer F.CrtYd) (width 0.05))
    (fp_line (start -1.1 -0.47) (end 1.1 -0.47) (layer F.CrtYd) (width 0.05))
    (fp_line (start 1.1 -0.47) (end 1.1 0.47) (layer F.CrtYd) (width 0.05))
    (fp_line (start 1.1 0.47) (end -1.1 0.47) (layer F.CrtYd) (width 0.05))
    (fp_text user %R (at 0 0) (layer F.Fab)
      (effects (font (size 0.26 0.26) (thickness 0.04)))
    )
    (pad 1 smd roundrect (at -0.5975 0) (size 0.715 0.64) (layers F.Cu F.Paste F.Mask) (roundrect_rratio 0.25)
      (net 16 "Net-(DIS1-Pad11)"))
    (pad 2 smd roundrect (at 0.5975 0) (size 0.715 0.64) (layers F.Cu F.Paste F.Mask) (roundrect_rratio 0.25)
      (net 29 7_SEG_A_B))
    (model ${KISYS3DMOD}/Resistor_SMD.3dshapes/R_0402_1005Metric.wrl
      (at (xyz 0 0 0))
      (scale (xyz 1 1 1))
      (rotate (xyz 0 0 0))
    )
  )

  (module Resistor_SMD:R_0402_1005Metric_Pad0.72x0.64mm_HandSolder (layer F.Cu) (tedit 5F6BB9E0) (tstamp 608250B9)
    (at 127.765001 91.735001)
    (descr "Resistor SMD 0402 (1005 Metric), square (rectangular) end terminal, IPC_7351 nominal with elongated pad for handsoldering. (Body size source: IPC-SM-782 page 72, https://www.pcb-3d.com/wordpress/wp-content/uploads/ipc-sm-782a_amendment_1_and_2.pdf), generated with kicad-footprint-generator")
    (tags "resistor handsolder")
    (path /608221EE)
    (attr smd)
    (fp_text reference R3 (at 0 -1.17) (layer F.SilkS)
      (effects (font (size 1 1) (thickness 0.15)))
    )
    (fp_text value 1.5k (at 0 1.17) (layer F.Fab)
      (effects (font (size 1 1) (thickness 0.15)))
    )
    (fp_line (start 1.1 0.47) (end -1.1 0.47) (layer F.CrtYd) (width 0.05))
    (fp_line (start 1.1 -0.47) (end 1.1 0.47) (layer F.CrtYd) (width 0.05))
    (fp_line (start -1.1 -0.47) (end 1.1 -0.47) (layer F.CrtYd) (width 0.05))
    (fp_line (start -1.1 0.47) (end -1.1 -0.47) (layer F.CrtYd) (width 0.05))
    (fp_line (start -0.167621 0.38) (end 0.167621 0.38) (layer F.SilkS) (width 0.12))
    (fp_line (start -0.167621 -0.38) (end 0.167621 -0.38) (layer F.SilkS) (width 0.12))
    (fp_line (start 0.525 0.27) (end -0.525 0.27) (layer F.Fab) (width 0.1))
    (fp_line (start 0.525 -0.27) (end 0.525 0.27) (layer F.Fab) (width 0.1))
    (fp_line (start -0.525 -0.27) (end 0.525 -0.27) (layer F.Fab) (width 0.1))
    (fp_line (start -0.525 0.27) (end -0.525 -0.27) (layer F.Fab) (width 0.1))
    (fp_text user %R (at 0 0) (layer F.Fab)
      (effects (font (size 0.26 0.26) (thickness 0.04)))
    )
    (pad 2 smd roundrect (at 0.5975 0) (size 0.715 0.64) (layers F.Cu F.Paste F.Mask) (roundrect_rratio 0.25)
      (net 30 7_SEG_A_C))
    (pad 1 smd roundrect (at -0.5975 0) (size 0.715 0.64) (layers F.Cu F.Paste F.Mask) (roundrect_rratio 0.25)
      (net 11 "Net-(DIS1-Pad3)"))
    (model ${KISYS3DMOD}/Resistor_SMD.3dshapes/R_0402_1005Metric.wrl
      (at (xyz 0 0 0))
      (scale (xyz 1 1 1))
      (rotate (xyz 0 0 0))
    )
  )

  (module Resistor_SMD:R_0402_1005Metric_Pad0.72x0.64mm_HandSolder (layer F.Cu) (tedit 5F6BB9E0) (tstamp 608250CA)
    (at 169.655001 64.715001)
    (descr "Resistor SMD 0402 (1005 Metric), square (rectangular) end terminal, IPC_7351 nominal with elongated pad for handsoldering. (Body size source: IPC-SM-782 page 72, https://www.pcb-3d.com/wordpress/wp-content/uploads/ipc-sm-782a_amendment_1_and_2.pdf), generated with kicad-footprint-generator")
    (tags "resistor handsolder")
    (path /60822447)
    (attr smd)
    (fp_text reference R4 (at 0 -1.17) (layer F.SilkS)
      (effects (font (size 1 1) (thickness 0.15)))
    )
    (fp_text value 1.5k (at 0 1.17) (layer F.Fab)
      (effects (font (size 1 1) (thickness 0.15)))
    )
    (fp_line (start -0.525 0.27) (end -0.525 -0.27) (layer F.Fab) (width 0.1))
    (fp_line (start -0.525 -0.27) (end 0.525 -0.27) (layer F.Fab) (width 0.1))
    (fp_line (start 0.525 -0.27) (end 0.525 0.27) (layer F.Fab) (width 0.1))
    (fp_line (start 0.525 0.27) (end -0.525 0.27) (layer F.Fab) (width 0.1))
    (fp_line (start -0.167621 -0.38) (end 0.167621 -0.38) (layer F.SilkS) (width 0.12))
    (fp_line (start -0.167621 0.38) (end 0.167621 0.38) (layer F.SilkS) (width 0.12))
    (fp_line (start -1.1 0.47) (end -1.1 -0.47) (layer F.CrtYd) (width 0.05))
    (fp_line (start -1.1 -0.47) (end 1.1 -0.47) (layer F.CrtYd) (width 0.05))
    (fp_line (start 1.1 -0.47) (end 1.1 0.47) (layer F.CrtYd) (width 0.05))
    (fp_line (start 1.1 0.47) (end -1.1 0.47) (layer F.CrtYd) (width 0.05))
    (fp_text user %R (at 0 0) (layer F.Fab)
      (effects (font (size 0.26 0.26) (thickness 0.04)))
    )
    (pad 1 smd roundrect (at -0.5975 0) (size 0.715 0.64) (layers F.Cu F.Paste F.Mask) (roundrect_rratio 0.25)
      (net 10 "Net-(DIS1-Pad8)"))
    (pad 2 smd roundrect (at 0.5975 0) (size 0.715 0.64) (layers F.Cu F.Paste F.Mask) (roundrect_rratio 0.25)
      (net 31 7_SEG_A_D))
    (model ${KISYS3DMOD}/Resistor_SMD.3dshapes/R_0402_1005Metric.wrl
      (at (xyz 0 0 0))
      (scale (xyz 1 1 1))
      (rotate (xyz 0 0 0))
    )
  )

  (module Resistor_SMD:R_0402_1005Metric_Pad0.72x0.64mm_HandSolder (layer F.Cu) (tedit 5F6BB9E0) (tstamp 608250DB)
    (at 169.655001 66.705001)
    (descr "Resistor SMD 0402 (1005 Metric), square (rectangular) end terminal, IPC_7351 nominal with elongated pad for handsoldering. (Body size source: IPC-SM-782 page 72, https://www.pcb-3d.com/wordpress/wp-content/uploads/ipc-sm-782a_amendment_1_and_2.pdf), generated with kicad-footprint-generator")
    (tags "resistor handsolder")
    (path /608226BB)
    (attr smd)
    (fp_text reference R5 (at 0 -1.17) (layer F.SilkS)
      (effects (font (size 1 1) (thickness 0.15)))
    )
    (fp_text value 1.5k (at 0 1.17) (layer F.Fab)
      (effects (font (size 1 1) (thickness 0.15)))
    )
    (fp_line (start 1.1 0.47) (end -1.1 0.47) (layer F.CrtYd) (width 0.05))
    (fp_line (start 1.1 -0.47) (end 1.1 0.47) (layer F.CrtYd) (width 0.05))
    (fp_line (start -1.1 -0.47) (end 1.1 -0.47) (layer F.CrtYd) (width 0.05))
    (fp_line (start -1.1 0.47) (end -1.1 -0.47) (layer F.CrtYd) (width 0.05))
    (fp_line (start -0.167621 0.38) (end 0.167621 0.38) (layer F.SilkS) (width 0.12))
    (fp_line (start -0.167621 -0.38) (end 0.167621 -0.38) (layer F.SilkS) (width 0.12))
    (fp_line (start 0.525 0.27) (end -0.525 0.27) (layer F.Fab) (width 0.1))
    (fp_line (start 0.525 -0.27) (end 0.525 0.27) (layer F.Fab) (width 0.1))
    (fp_line (start -0.525 -0.27) (end 0.525 -0.27) (layer F.Fab) (width 0.1))
    (fp_line (start -0.525 0.27) (end -0.525 -0.27) (layer F.Fab) (width 0.1))
    (fp_text user %R (at 0 0) (layer F.Fab)
      (effects (font (size 0.26 0.26) (thickness 0.04)))
    )
    (pad 2 smd roundrect (at 0.5975 0) (size 0.715 0.64) (layers F.Cu F.Paste F.Mask) (roundrect_rratio 0.25)
      (net 32 7_SEG_A_E))
    (pad 1 smd roundrect (at -0.5975 0) (size 0.715 0.64) (layers F.Cu F.Paste F.Mask) (roundrect_rratio 0.25)
      (net 9 "Net-(DIS1-Pad2)"))
    (model ${KISYS3DMOD}/Resistor_SMD.3dshapes/R_0402_1005Metric.wrl
      (at (xyz 0 0 0))
      (scale (xyz 1 1 1))
      (rotate (xyz 0 0 0))
    )
  )

  (module Resistor_SMD:R_0402_1005Metric_Pad0.72x0.64mm_HandSolder (layer F.Cu) (tedit 5F6BB9E0) (tstamp 608250EC)
    (at 152.805001 91.045001)
    (descr "Resistor SMD 0402 (1005 Metric), square (rectangular) end terminal, IPC_7351 nominal with elongated pad for handsoldering. (Body size source: IPC-SM-782 page 72, https://www.pcb-3d.com/wordpress/wp-content/uploads/ipc-sm-782a_amendment_1_and_2.pdf), generated with kicad-footprint-generator")
    (tags "resistor handsolder")
    (path /608229B9)
    (attr smd)
    (fp_text reference R6 (at 0 -1.17) (layer F.SilkS)
      (effects (font (size 1 1) (thickness 0.15)))
    )
    (fp_text value 1.5k (at 0 1.17) (layer F.Fab)
      (effects (font (size 1 1) (thickness 0.15)))
    )
    (fp_line (start -0.525 0.27) (end -0.525 -0.27) (layer F.Fab) (width 0.1))
    (fp_line (start -0.525 -0.27) (end 0.525 -0.27) (layer F.Fab) (width 0.1))
    (fp_line (start 0.525 -0.27) (end 0.525 0.27) (layer F.Fab) (width 0.1))
    (fp_line (start 0.525 0.27) (end -0.525 0.27) (layer F.Fab) (width 0.1))
    (fp_line (start -0.167621 -0.38) (end 0.167621 -0.38) (layer F.SilkS) (width 0.12))
    (fp_line (start -0.167621 0.38) (end 0.167621 0.38) (layer F.SilkS) (width 0.12))
    (fp_line (start -1.1 0.47) (end -1.1 -0.47) (layer F.CrtYd) (width 0.05))
    (fp_line (start -1.1 -0.47) (end 1.1 -0.47) (layer F.CrtYd) (width 0.05))
    (fp_line (start 1.1 -0.47) (end 1.1 0.47) (layer F.CrtYd) (width 0.05))
    (fp_line (start 1.1 0.47) (end -1.1 0.47) (layer F.CrtYd) (width 0.05))
    (fp_text user %R (at 0 0) (layer F.Fab)
      (effects (font (size 0.26 0.26) (thickness 0.04)))
    )
    (pad 1 smd roundrect (at -0.5975 0) (size 0.715 0.64) (layers F.Cu F.Paste F.Mask) (roundrect_rratio 0.25)
      (net 12 "Net-(DIS1-Pad9)"))
    (pad 2 smd roundrect (at 0.5975 0) (size 0.715 0.64) (layers F.Cu F.Paste F.Mask) (roundrect_rratio 0.25)
      (net 33 7_SEG_A_F))
    (model ${KISYS3DMOD}/Resistor_SMD.3dshapes/R_0402_1005Metric.wrl
      (at (xyz 0 0 0))
      (scale (xyz 1 1 1))
      (rotate (xyz 0 0 0))
    )
  )

  (module Resistor_SMD:R_0402_1005Metric_Pad0.72x0.64mm_HandSolder (layer F.Cu) (tedit 5F6BB9E0) (tstamp 608250FD)
    (at 169.655001 68.695001)
    (descr "Resistor SMD 0402 (1005 Metric), square (rectangular) end terminal, IPC_7351 nominal with elongated pad for handsoldering. (Body size source: IPC-SM-782 page 72, https://www.pcb-3d.com/wordpress/wp-content/uploads/ipc-sm-782a_amendment_1_and_2.pdf), generated with kicad-footprint-generator")
    (tags "resistor handsolder")
    (path /60822C2C)
    (attr smd)
    (fp_text reference R7 (at 0 -1.17) (layer F.SilkS)
      (effects (font (size 1 1) (thickness 0.15)))
    )
    (fp_text value 1.5k (at 0 1.17) (layer F.Fab)
      (effects (font (size 1 1) (thickness 0.15)))
    )
    (fp_line (start -0.525 0.27) (end -0.525 -0.27) (layer F.Fab) (width 0.1))
    (fp_line (start -0.525 -0.27) (end 0.525 -0.27) (layer F.Fab) (width 0.1))
    (fp_line (start 0.525 -0.27) (end 0.525 0.27) (layer F.Fab) (width 0.1))
    (fp_line (start 0.525 0.27) (end -0.525 0.27) (layer F.Fab) (width 0.1))
    (fp_line (start -0.167621 -0.38) (end 0.167621 -0.38) (layer F.SilkS) (width 0.12))
    (fp_line (start -0.167621 0.38) (end 0.167621 0.38) (layer F.SilkS) (width 0.12))
    (fp_line (start -1.1 0.47) (end -1.1 -0.47) (layer F.CrtYd) (width 0.05))
    (fp_line (start -1.1 -0.47) (end 1.1 -0.47) (layer F.CrtYd) (width 0.05))
    (fp_line (start 1.1 -0.47) (end 1.1 0.47) (layer F.CrtYd) (width 0.05))
    (fp_line (start 1.1 0.47) (end -1.1 0.47) (layer F.CrtYd) (width 0.05))
    (fp_text user %R (at 0 0) (layer F.Fab)
      (effects (font (size 0.26 0.26) (thickness 0.04)))
    )
